8971432526389514145267893124896748957631576312989286547365173842
8462359793518724172946832134985648756219569371483586247162471935
4528973181723694693145821243586798567123376924152485197653976248
7438291591235684658147921249836789567231367415282895347643176859
4673921538214596915867231234895789457631576213842386547965972148
3718294528514693694357811234856745967128867932149185637254279836
6952317487294513134867922134895698657231457316893281546756972348
2861957414382795759346813124895649567123867253199285346753176842
3259674176812493194835262193865783745169456279189815437257261834
8946235161345789275819341289346734957612567182439812457643679825
2957341661482935387156291283459743926781576981428516937494257863
9482561775618392321947851324985689467523567312482897316447586931
5394176224138695687925131238794689456127756234819186537436274859
3925416786592713471836521243689598317524657492382186547953678941
5683942112967853374125899134876248253617657912342958417684176395
8641579229183456735926811234896798627534457361283185427957961843
7194863228413596635927811283495794657813357261488916527447289365
8735291494681325512467891249863738917546657234982986517343579261
4395716256289314781246931239845789465721657132899483157627546938
6937485175219384148256932143896783956712567412389816247532597146
4135826772913684586947121328945689467523657213989483217527546931
1368274592513486478596122193856738467159567249388914627365271394
1523487684719652369527142134896749867523675213987249318598675431
5237618486923415174895232183496739517648647582919816537243291756
1324789597612583458936122138946786435721597612483215497664578139
7418532635219684698247131234895786937541475612989865317221796435
7893562431289456654172391234896797856142465237182976138554172893
4563298119845723327816942195487683476159675932189826734556128437
2586914734682719971345821239845648957623567132988124637569475831
5314962776812394429857131423895689367541657214899847326527596138
1973425628619534354867194129836753827691679451828216347594571823
2348791558912634617345891284936794356728756281938916547237591246
3528497161923784487156921234856989467135576923189385624726179453
9652143748139725327856191324895689617542574623812197386465894173
8341269529783514156947823182946742567831679351289415837658276943
8697514352138496734926811428937598356712657142382184756937561924
8364157241728935259367811289345639457618675821499816432754279863
4758219626839415193567823129854758947623647132588216437993475861
4957321681794623263815941283945734956781576128399824716563425978
5713498692318645468257191327985489546237647513922849716331962578
7596283184193526623147891342795898235647567814922184637539578164
2318756964719283958346121724895638456721596213748136549746972835
1758463298612345234957813182946749267518567381948215397664971253
4629183735824719971356821234895689567124647523982841657353679241
3421765856728913891345261237984598456137675423892189376443965271
5723489181692534349167821234865798457126657293182986347543175269
4715382982914635356927811328946798467512567213942483517661578943
2961584383492715157346893182946742967538675813929815627454378126
4897261363581924271345891239875689456137567234989184726534265871
1293648565718923384527192134956749827651576813948319427696573842
4975813282693415513267891328964794817526675342982816537435472961
5741862381239574396247811284596743761895965723487895321664397152
3928457678519623461237891234895784657192957362142196534853872461
9853741242681935731256891429836789356724567142982184357637469851
4916357273819245562847931739842682957631654213879473615828675914
6857932432918456174256892183496793687512457612938914273554396871
5183924634216789679845121234895789457623756213989816347523795164
1784659364912385532897142139846789457621756231489813527632764859
7926145316528394438957122138956784917625576342819845317632176849
4265973179318245851346921324586798467123567923842187395637586419
6415287358719324239467811238495689467512756231989183546736571249
3916478562819534475823191329846784957621567231989834527621476853
5742639889214536163897242193845738597612647512839264317543875961
6524783918729345349156822135896749861723576324188219457693476251
6231487958923714147956822183945693467528756812938915634737248165
8156793226481395397245811283946743956718576182499824567365173824
6985743125189346473126891249856738926715567341928124597394673258
8497312557689213132456892139846798456731657123943982457642167958
6528743141923586783196241243895789546712367512989386417524175369
5973426128319645416857921284395793467518675281398419237635976824
8725931635418692619247831234586798567124467932582983147553672941
2671593441583629389247151234756894862173576983417925148663179852
8541276363189425297356811234895798567134476235193189427654276398
3276584189412356156947822183946743957618675812939812357454276139
5146932886712493293857141283456734927685675981329514387648276951
7692381442195683385147921324856789467125576392489185237624376951
1563879424319586879246133127584948596127967423585986327162187435
7683415991285634345927811234896789467512576132982815647345971326
7982354662518493314967821394285784257619567319289816437525379164
9821576467123489534896121234895789567123467325982185437635976841
4579286189314625261357891248935738967514576214939184327663578142
9123584773814692465927811234895689627513547613282897346535486179
9651743232789514481236951324896789456721576312892187435664395178
8364572929581346417926831283945735967218674185929835617454273861
3681729592483516175946822193845748356721657219348964217354179368
2156743976819324943825161293865738495761576241838914327543756892
6492738123819546175846923124895748635719957612388937246552496173
2158673969312485478935121293864783457296567419289816537435274861
7815934265312489294867131253896783947625467215989167385434865271
7294183538692514514367891382946794587621267153988935427647163952
2517396884712693693845121249835798526734376451894185927653967421
6478132528149536395267811239845745817692976352148126497353472869
7365891295123486428167931423985789367524567412382897416531485679
6748251383194625529137841423786938765941956214372185937679346258
3265487918792345594167822183945694367518675812938314562745273961
2391764515728493684935123184927647586139926357818615432754372968
9153672837418295826945131324986758927634647513822986547175183946
7514269823418956968357121235984789567423476213893879416551976234
8972643554618392123957842183956735947618674812599826417346573821
5936821447219385168457922143685738927546657914238215367993574168
8279354115924683364817295314896748267195976352182185637464579832
4862531773518942219746851283976494786523563412796915243835267891
9831647554128793276935811243985689547612367512484186293763975124
4296813787123594365947811328945698457612657123482183697554371269
4875136223549681961827341239584789476125576234193196457865817293
2671389449825613315947821295836783467125576492389817245664231579
7691248548369521125837696324895789457136517362942519487334875612
6832195419534782724856192184936793617528457682938495317636172845
4196582756213789387924151238954689427631675341989385627424671953
2396851747819235516347821234586989427653657913489815247634576921
3548716272693481198256342193854783546719467192589815237657264893
7391825612634589548967122134986789457623657213949816347536275148
9572683163219485481357921234896789567124746523182197354637481659
9156327482419735367845191382594624937681576481924815236769271853
2683917441927536735846191239845789456721576123989874526334261985
4837691561928534572134893248976195741623861352972489735613564872
7142395689514623326758191384926724967538567813949735248148236175
6758392428314596419267831286937593457812567412388913546734672159
1426873537912584586934122138597649827651657341988214936796571243
9841376231528694276945811283945749756813563712488316297565247139
6178923585213496493567811249835798527614376415282386417954172963
1573698298214536436827192134865789457123675932483216947556871394
5632917449835712271468931249856738967245657134288125463994571386
9275164353128496684937121428935789367521756142892153687437842965
2951678431489256876345191284396743957628567281939817234565391472
5387269441289356967145821239846789456713675231482814793534965271
8496327563518792712945831238945698457621567213482984613735172964
4385721667218934915346821234985789465721567213982897346534186579
1285496353781692694237812193845784367519756192349824517636172845
8236571451489236967134821329854748927651675341982984637535172869
7154392683412657926857131423857939867142567942812815639447329865
1679284349813526325467812193845783457619576219389816427564375192
7859246163981524214367891284935794357618567182938527314639624875
8247536997518623613924851328954748926731567341982914785634651972
8315794625714689469823151239845798465723576231983184657269271834
3648572172819345195246832193846783697512457612989835617454172936
8763214593584612241957831234896748763529569172383185947669271354
1739682459213486846257192143895798547631367512984286937565972143
5419263738614792792835141234685985927146467359819156827323871465
3478169525697314891245731324896748956721675321487631528952479836
3457892127134689698125341234975648956217567813928126347595427863
6421385985729634139457682935814758467921761324953289157641576283
1385764945281936769234816239851798416725571342682167935434765892
1734958654812693692837142143895783567129967254383817426542956871
3765942115283694849127352139587648576213967341585984736263128947
8695341745218793371926841243985698567231637415282187496554326179
8413295639715682526847191324859798467123675932482185637445379861
6348129778934512125967832184935694357628567128348916347537625149
4159837282916734763245811324985698457613576312982986514734172965
4723895651824693369157821237984589546127647523189816327423497561
7891634264289513153247892143865789547236367951289286147547653891
4182359795316782276894131293864538457126567942388916537464271859
5429817378623419931567821238954689417625657342982184536736971854
9612843732415789857936121324985648967521576312942187436564352978
5861472374928315321956841324986795467238867315922185647949372156
4251793669128345738456191427985385936127367524819836127427493568
3658174224793581918246351293846748657193573692188924537663172954
6459718312938456387256192184936793476528576812948915374245362871
3617482579412583852936141238946798526731476351982184795653768249
6259817383124795794356811428935698367524567124382184396735671249
2483756969741823351296841238674586954137475923185127849693465271
3625894717523489984167232134985649867512657312988217436553692174
2345761865819234719834251239856789624751475361899814237634765892
2961357417528493384967124123985653847621967512388216594764972385
2485136763789214951467821239845689467523576231983891467541275839
5289674136481295719345821324896789517623476253189815347625769834
5439827672154639698137421624589793467185857293142897156337586421
9234871646192583758136921328495789567234647351282895647131479865
4378192651823694962457811239845789467513675123482893617535174269
4819372667581293923456811325784989462157567394182187436534916572
8193652464312789725894131324865798457136567932482986137535174962
2753961416482593893147253124896748657139957263815289147663175842
8137295694581623627345811329846749856712576132942814937535967148
4316275986719523925834161429836738957641576241982183597465471832
4982765162318594517934821324986784956713756312489816237526475139
1382457996481723257936813194685748257196576392148916234564578932
8326951761524789749813251239845698457631567132942984617335672948
1452897369213784387456192135984645867192976324588219653753974261
3519627479813425426857191324895684957631567213989836214721574863
9281367475389412416257891324895689467523567312982815436737596841
1843796259681234327456812189345794376518675128938395472645268179
8495316271689234235467811289435739467518567128939812547645378629
9548321618246793736195822139845789527634467351283216497554871369
8673521924518936913467281289345743687591579216433926487565172384
7483512931928645256947811234986748567312967125388915347657486293
8721569351923486364897121234895798567234647315282987416543156879
6514972382413596397826141329687598527431476351892185496756978342
6978345112895634345127892193856783467192576249189824637545371826
4951273821839647637845191294685384357126576932819816547235271964
8127954369381425475236811249836798615732357462192385497656137894
1793625482614593534897122184396739527681467581299817534664392875
5916247387219345463857191249853698537621637241982184695735671284
2784965314923586365817924123896758367124697524188219437593675841
7153926486914523243867191284395739657841457216989816237557298436
4189267352381794697345811324685784957126756293189816324526578439
8165934272981435453267811329856798417623567342192984517637562894
6382741525418936197356823194285782596741476513989816327454279163
1384796267935281425816932135847995426718867193543816452759273846
4236891519527483786135942143975693854672567812398419236735276841
9467281531894526257136891293845748356791675219348914726356489372
5941237683794612612857931234895794876521756231842813946536957248
1463782573912584852946132134896798456731567213983986547247189256
1243978687512693369845122184395749657821537261489816537465278439
8476192393582416162357892139854748917635576243983915627462479851
4186375297281534356924811293684783457196567249182817936569548273
1938426524516789687935123124895745827693976351248217934653961478
6721593434182695859347121234856798467123567932812185947649671358
1835479295681234472936812143586739876125567294188294735664518973
8126349543719582965827131239486758927634674351282485197635176249
9876354213489256562147892139846789527613476351983284197565172834
5217936464321895879456131369248798453721752681392183457636587942
2381679465982413174935823124865748527936967351288916427552671349
2947356856189234738146921239845784956713657213899824517637562841
7251839693624518148967526123984785347621497512632896347536475189
7385126456139482249867131239854789417625657243989827315631645879
5764893241823596329167841325984789467125657324189817465326581379
4135672989712345526894131329856794827631675341822814597636971854
1463752998512436732896142134895789756142564237813296187547895263
2671345919428536538967123194286782537694476519839816427564375128
5267934849182536738146921426795365938127873452193842176521596874
4132586967219384985467121243895789657123357624982387154654983671
4851927667183492923567811342895789267534567341282189564334971865
1824967565413789379825142139584649867123567243988213695793571462
7923684538519426164257892137895445861237976435188219467353987162
5471698369238415318257941235987685467129976423582819364743971562
6453187298245713713926841248935683967521567142982985346735678149
8154926376981324342567189237845147165982586231971973264563814579
2738159668529413941367521249836789657234357146284186297556973841
2634719814528936798356123125987448962751576134898217436593486527
6159284397813425342567811238956789437612567241982894537643671259
8927315664789512153246892149836798516734376452984283197553967421
6481295732985714715436891329486589467523576213989873614226358471
7461893589523416321567891324985798467521567312942189467345972368
3125489749516782768923141238946584967523576231489813527623471659
3758264114893526926147832193845748756192563279188916537465471239
9481753237289614516234891234875689456127657923482816597343971865
6149278582513496973856121324895748967523567213482983617435174869
4392581715793682862147932134895698467521576312483985617462179435
7284596135918624146237892135984748567193967324158917635253481276
7653298498214536143867922149835789657213357416284286917557123469
7293645141328596658197231325486789467215567913849814367224675938
9584631717489235632157892139856489567421467231983815467252671943
4732159891238645568947121248396789567123637452812895637434179856
4976385232619584851247931324896798457621675312482189537656372419
6541278331748925298356141298346783567192476295319815437656271849
3164875289512346472956811238946798467513567231982385197465174239
3245697867518293891347251324985698627514457613892198346754872631
4815932669512783372846191243895783967541567214989134627525873164
6581247993285714174936822134895689567231467315983865412752976843
7436295118634529259718343182964792457368567184938759321643286175
5164382724915783378926141238945648567291967315488912637565274139
5789326139148625264157891238945748967513657213948123497693576842
4623578171982435835196241234896798467512576213982975384634876159
6245987175912384318467921328495689527613467315289816543727693145
2315694867918423485237195236489789475136167923859184756235281674
9876321564218593513947821248936783957624756214382984517636572941
6975842183219645451237891234586798467132576923182193457636871954
1926438745781923863257192149853638917645576324989285617464173852
5368941774213589981267341234795689451623657382912156437836975842
5834719292783614461925831325896789476235675143282186547934921756
8462591732781495951367821324856948917623675923482135487656879134
1927354846781923538246192139875684956137675324819814726535469872
2153897473621498489567131289354694367285567148326918532735472169
1965437238219745547826132136845945897126679235818214693793475268
6359142779823514124867932193864584357169567492819816537237214856
8672153923489615915347821284396734657891579162484817235665298473
3972618568593412142857932134896745817629976325488215437656971834
7169854294213685385247191234986789756123564372982386547145172936
4157623967319854289345615218394734827615796451288675249393461782
5631492721783594984267131286937535947861476512898317245674598632
6985723125418396173946823128945748965713567231488214697593572864
4827193671623589395846121239845784956721567123949384716525469873
1396257426814793574893123129845648527631697351288215694794371865
4367851957219384819246351234586798436721657912482985317634167952
9342651718293745756814922134895689517623467352893297416857169834
3198256487561492246937819273814518457623653492175921637846175839
4931876251692384728456191356942764287593987231458513497627456831
9542761332718945168345922194386748356721576912848917235663285479
3246879518923546567194822183495793587614476512388924617364175329
8517346924619835739526811634892792865714574213983129457649786253
8436521969183724257194831249856798537641376241954185237656971832
5183469737629854924157831394256884567129267983156825347145176932
5194837242816793736925811423985689357614657214389816524727483965
7329184546823519159467822138946789457623576123989853417634768251
3274851684519623916237541385294765987432274613984819627579235861
2173546934819625569827131234895748567192976235848915437665471238
8423967115682793937145822134895648567129679253143985146756173248
4267358959318246817946231328945794856712675213982843716535162974
1372846929613584485976127234685184975123561392479186237535481796
6183792473512489492856131234856784926735567913489815327625674891
1694372548519236372856192139845759867142647325818217496393651874
5268941783412795719356821429835698367524657241382914687336571249
5684132713728945942567812138945689467513675132983819267442675839
3875619294582316162947832134895749867521576132488293567465471839
8247615976923581153894262183496739517648476582139814237553261794
1635482924519783789326143128546785467931976213455984327642176598
3492765878291534156834922135986749816723567423818216497593578146
7459182316823495392567812138964748917536576342188216597495478362
1578946393215684468237192134895789467521576312983857214662194375
9374125618593624426857192183946735967841674125838912437554276938
5296417368792314431857621423895689357621756214899681354721479835
7395486112893645645127892138945789467523567213989813627437245916
9821573651423689637894121234895784967521756312942987436537596148
3561274829483516871946231234985748567192967253815183697464978235
2156937834781295698457121293845683457621576129349817456346293187
3974285124135689856197231235846748967215675913489127453653826974
8351729497683412124956832183956734926758567481294815237669371845
2135894676912483485367921248356739827615576941288524137994765231
9238176576824519541936821324789689456137657392482891537437568421
7184623936981524245937811235896748672195957346188926547353127846
1768549339512684482937152134896754867231967315288245917663974852
5938247674219683186357922149835783967514657241389214386536571249
8213974594681523735246811529836738976412467152982134795659863174
1368475292713584584926132153946736957821478261958914537664271938
6159427832418795879356121382945629687534457613899824316754176823
6345192771283495895267131239854694817632567342812896517437642859
5874692142918356361257891325984789467132675324189187356424391675
8341725995183624627945811423896738956712576214932184537646579138
1238546967519283948367122194835738467591567921348912467545673928
7635491852163894489127351329846789475621657213899154627327839546
3186245926519783974835121293486748357691657912348924517654176328
6471982552934681831257941524836798367142476925132185397639476258
1823746935719682649825132134895749856721576213948246317593175846
6354172828193546497826131235789484916257576394819186537235274169
5861293417938425243567813124986749867512657213988249567393174256
1653498739218745874256192136985448957236657413929287346153692178
6918523453214789784936121234856784567921967213452195687335872496
9781534635428619126947832197385448356127567492318913756264281975
1967582428713495435926813182956795246713674813598213497654967238
7324159856128934498367121235986784967251657134899847532621584673
6718435954319286298567131249853783927641756314929826517431742865
8931742527689513415236891285497634968751567312949814236763275148
5739468294812356621857931342896789267514756314282894317531576849
2863514934129785975846121234896749867523567123988195347663271854
9615278482513496743896121342895728967531576341283179684549875263
2395874661792483548136921238795489426517756341289826137537145869
5834296112783694694157822183945793567128476285138419637535971246
5876214996138425432957811238956789417632675243182165397434971856
1458296727913684863457193129845648627593957361285987134263459271
2793648134128596865197231237485948695137957623145148367263257948
4928715637825619651934821243896783956724567142939834257124671835
6529817483124795794356811234985698567213467135282187634937951462
6547218937248915198356242138946748956731567132988216457393527846
3852419672983614146957822183945793467528567182398914637545271863
2735849195812634641937821248956789627315537461283897425641265973
6389472192718534451236891423586789367145576492182895137631476952
4952637137698124821457391326945898457216567138922183456764372985
4871653992583416361927841324895789457621576213982136487565879243
8674132525487936319256841287945349356817576132989816457263592741
4813796235281694967245811234875989456137576923182186347564975823
2379458689512634461837921234785998456127576293183196847565871243
7438251691234685586197231249385785967134367254982984637143571962
9631748581592346472856191243895738956721657241932986357454671832
8491567256728319123947852183945639467528675812349824316745176893
7592816331694582482367191234985789457621567123949386147527583946
3785629195481326162947832134895748572619697135488213746553629874
4781293523958641516347898524936719367528647218939617345232586174
2586479316429385973815243129846748517639697352188415297652673841
8735162954982316162947832143687598517432637295483984516742678951
6951483717392584482367192148935635827691967451288216347553678942
8692137472148593435967811423985698357612576124382186594739784265
5426837987619234931457821243689538927516657914282185364749572163
5938627128134795647195821249835683957614756214389124386736572149
6735149218592634942837652183597639467821567142898214635743679518
9142385628516793736945811283946734957612567812348914237547365928
3428679117592384968145232134865748957136657239188916547253471269
8467532179281435135926842134896798456712567132983286457947139856
6854392137182594924167831329865789657412457213682493587656874139
5376219828139456649857121239854789417623756243819157386436241975
4781653259382416621937841342895785937621267451989826437534571869
5264397843128765789156431625983484367192957324813187625927594316
9547863261729384283145961254796379836125346852178615274953961478
6387254925139486479816231239785489456137567243189821376531645972
5839641717482395962157832153894639847621647215388265917445173269
7186934564312589925847131329846789457621567231982863597437146852
7452361996814523231897451234896789657132457362813897145657462398
6395248775218934481367921234985689467513567213489187326524685179
2684735194318526157926833128946748956712576231948913427562475839
6258379497124583438196251423896789657132357462182896547156371849
6592437172189534384167921324895689567123467352899185246724673815
5132489747913682682957131243895689567234367415289385647124179365
4265983781324795795136821324895694867513567312482819637435972461
3481965262783514195247382146598795637821873412694817639573952146
1726348545819236693857122149835738957624567241988214697393672541
3612948757281394948567121243895685367241697145382894367543572169
2638451997412385185967233124896749857631657231948213547653679842
2763418518329546954867123124895749857623567123988216347964975831
6238719498523416714956821324895784956723567123482963187535174269
3185769445981236267493811236847589435762576129489827415364193527
2479381658312694196457823128945745867231679315288245697396178345
6493725138219546571846921234896789456713756213899187243526593874
9815623473581492264937811234856789672145457396183182597654967823
6392745118793524425816932183974694356817576142898916237535478162
4762139835894612912857341234856789467153567392812895347663172945
1462973535781492982356142134896749867521675123898245317653976248
1937685228519436467235813124896754837619976512488219437563985724
2957483631492685768135921293845783625714457619289814627354387169
6524198374128395398567121238946786937524475126389846527123674159
8317254967981423254936811234586798516732467293153185497654267198
9621574873589412418236591234896789467523576312942815437634976185
2518764994612385783945121243896789526731367451984185327657961423
9714352858219634634827191253896789367451467251832195487634876295
6834527172418935915367821325984684967123567234192987156435184697
9631247582435719571896231324895648967531657213842159486739876142
8567143231289546794236811239785498546127467352192386497554918763
6185974334981256725346811329846789467512567123989832517427146935
6597842171829345324156891324679889631572475829369835416724167853
7346281958913426612957831238954789547631467213959485617227638954
5461732873248915918256341235986789461752657324892897314636594271
2685913453124796749836126139845789276541457123899854726337461825
5184297373481692269357811239845689567124476235189815436735276849
2749318636582419189567234182935792367548657148928913567454678231
8163592779312485542867191249856393827641657413982856317436974852
1368457947293186985267343214895789457612567123982493586161379245
7132986485914623642357892315894798672415475613981284357636497251
3698712514829536527346812134895748516792976523148916547363271849
6357281428139456974156321234896789627543457613983185427954296781
7329465868412593519837241234586789567132467293819485127627136945
7469582152913486813267941324895798457613657312482986437537189562
4586123939287456617935821234896784956713576123949812467523579148
3972168525893416614857921293854783647129475692389815637454372861
1746358995281436386927142134687549875123567293488215496764937251
6214375943518926987256131427983589356147576324812189736435964278
5972314828495613136847923184956794267835675123898215697446378251
2815467357619382349827151239845649867521657231948123694793475268
7193568265218493384927151234986789567234467513289387415624186579
3187542924681935795236811293874683416597567942189825736445162873
4625931885912734317846921239856798467125576234812954687363175249
8512763449681325723945811324896798456712567132982193547637562849
7293581618692435453167892184935793457628567812948926417334178562
9583671262718493134925862194385738527641476519288916437556279134
1263789579412583538946122194836784356721657219349817345637569248
4365289751793482829167341482935629367518675841299814567335478261
1298436578415692356927812183945793567814467215388914327654376129
6325419849528713187936242138956784967235576314899214587636472951
1954823772413689836957122183945634967528567821949817436545326871
1769354828314657549872163924876141865923657213898253917496172435
1947852667512389283946153128945745826793967351488216397453947261
7982563146189325352147891234896784967512576312949845317621576843
1526379483912456674895122139784598524637467351893984627152178963
1632594797481325258467193129845648517693697325818265317453974862
1792836485619423234567813189254749287615567341989817325662345879
9746528336189425582137941239856789547612647213582183497645976831
4786592395218346136247892134985789457612567312983819647564972531
4289731669182534375146891324895784956721567231989836547225471863
9278365114392586568147922193846738567124476259138914637565479238
1742638992581436638957122193854738647295457196288615397459274163
7532896464213589189467232145983789637145375624189218537643791652
9562718324138956738456191235984789462731567134923897426541296578
8734165221639584594827131289634734957826657142989816347543275169
9263578483719425541826931529487638967142674235182185693749578361
3159726467813492429856131324895789476521567213899815473624369875
2596483147192386368157421238945758427619697315288154697394273165
5418293723714689968357121234859689467125675932483895647145271863
4163572925318946897426151295743836891257574638929817456363289174
5487216362983415371956821342895789256734756143989834127621567849
5261473994128356387956121324986789467521675312842187394545986173
6382174929583416147956823194825782467531576193249837416545236978
6985713443589216217346591264839774315982589627439612357835476821
6452197387234519319867241234869598457136567923812981546743679852
9671845331592684428357191392486728657931574613928914627564379528
1684532792481735735926812193845638617594457269188916427354273869
3648725958913426721956831324896789526714476315989185437224769135
8745936215328694296147833124587948967125567932189213645763872541
5341972871928643628453191426387589657132357924869813456726371954
6791852381429356253467811283496739587614467512989817243554263879
9613478287519234342856191234856748967125657923482185397653476891
9127485345713689836925141238946759826731674351922815794634968275
1387254959681423724936812193685784315796657249189824736536159274
7416582395312486286937141348927582957641567413984152693739874562
9516278368713492234895161237894589524637476351283195627454297861
6932514814238795578946122148936783976521756124839854327632167954
3241896587125693569347811327984698546127647523182189357445687239
2534679846128935987135241246985739857146576324818197426364591372
4962157337189425528367191324895684957631657123849836524726473198
5486273196183425723195841342896789257613657341982894537631576249
3786594291283456465127891239856789427613657341982814937553671824
6293871585192436347156891324985798467521576213942187496349356278
3475628952913846168749237358916289427615612354789814235725691734
2176458985319246694837121283596734927658576481939815237443576821
5437862192713485168925347123594639486712685241798514936743967258
8623754141789235539146821234896798456713675213982986517434672859
5976328483194526264817931234785998512637476359183182647565978142
3578419212439685896257316324895798167524475123682195347654376819
6534219782139745794856121352896498267431467135892185437634976258
9621837587124593435967811234985658937624647512382186394739475162
3478925186134592295167831234896748657129579236149187534663492875
4136795269518234278345191298346783456791567921839824167534175826
5231647914689725897325412194835673451682658972134812396736275894
1392854627514683846937123184697546257891597312689836245765179324
4139765896518234287345191284936739456782576821938312547664971825
6974213548139526235867191239845784657291579136849186437236275948
9246758386519324713824951329864748935716576241382974685135871962
8329146559682713417356891234895794867521675132942815437635976842
2357694191482356786145921283946734957618567281398914327545261783
8679542334918256251367891234986748527691976513485187293463284175
4178239596214583583967121243896789527634376451282315947664871259
3981542612436789765892132194835783697541457216989426387558372164
2431957816528793789346123126584749871256576934818214693593752164
3927651854718923861234951234987698457631675312842186475945982367
2671534948592613139847253182946792467581576381928935627464173958
1975462842618375385972142183946797365841654217938317695254982136
2563481981429735973156841924357643867952567812933819246762578341
9487536172189634653124891342895789256713567341922894157631567248
9241578368592314713846921324856784967125567239482513987639876451
9174326538415692652897131239845789567124476325812385497654176839
5618739472819435349256811324896789456712657312489837215621694573
9725136446589213183467922149853739817625657234818217495654632879
6475129391834625352897141239846789467531576123892814597643976852
1678594283412659295347813284916747968523516273949815327664271835
5716243996418325238957141238956789647152457236813825497664571893
3719284645813692692457832138956758467129967243158253647113678954
8176592343681295592347811239846794857612675123482894357636179854
6375241984519326129867342183495739467581576281939814567245371268
2415769879518324863924151248973698623547357461894186527353971862
4951263883154792726938541428936768975123357264819134857626437915
3129875679614582584236191234986784567193967352482385197445976321
4279351858312694691847231324586784967135756293819185647227438956
3871956452683419491267831324895784957621675312989146237525874136
9278341531825694456197821394826728467531675913288935417656172943
3617854292513486784926131328795489645127457263912183976554361879
2651498319832765374568197238149648967521516932478417935295728634
3128756465719482498236151234895784956723576312989817234623465179
7345281681934625265197831289345739687541457261989826137454378962
3791462814829536625837192134895748657192957362848916547353472861
4951638727689413318257941293854683497625567412389516387268274159
1369875498415276752346812138946789567123467235193287194557946832
9136587246729183825347191428365735817946679524382814639559478261
3427189671629583589346121234895789456721657123489386517426197435
3197624527518493846935121283965749385726567241899815736463241978
9538671227819435164235893124896748537691697512488216537453974826
7536284126915483184397523924856741527698876913259275413653186974
7361985415423689928457132193846738567192467925388915427654376921
4369158257823419912867341234865789457126657392482816597336574891
2751346843682915189765423924815751467293768593248213467964795831
3589176417628493942356812134985748967512567123488915327662574139
8536792492481356176245893184567249238761567921436815329774916835
7315468925981346864927131234687598573124476295383186529759237461
7182936539514682426857191394825784267593567931249813247625376841
8726315956129483439857121239864798417526657342982184637539571864
7648123952934681813957241324856798567142476293152985347634176958
6745321985194623923817451324587648976132567293812186795439518467
4398217571593682268457191235489689476231576193249816745334721568
3418692576213589859247131234869798457136576923482156987449735261
3824695714925783756813922139846549857621567132488243917697162534
2564718984392576179863243842591791568732762134584275169359834261
1496378527581934386245194189236792357648567184928913527665479123
3289417674582619916357821392845728467593567193248914326545276831
4813576963921845527946819481235715679423273685148125397636487192
8137456274219683596823141249583793826745657314982814795636958271
6328149578923514541967821243896789547623367152489185237625674139
3594261841893725726815931325486789476132567293849813547624367951
4139752892683415785216931376895489452736562143872584617934975261
4183756962781934359246811324879589456127576923189836547224173856
7396281561834592452197831234896789457621567213489817345627596134
7218563445912386836947121423895798376521567214982945786337869145
2356847974193265689157341248935739627581857416234783691251274896
4173259639681425285967131284935795317684674258318316497254973268
2781943665482319391567821239854748927651567341988156327494275863
6478251985913426123967842183965739457861576241939814537246278935
1967435884312596257896133129846748956721675231849213784553461972
4718659289612345325947811324896798725613564371282195347664371859
1673258932819456495867122194836783475621576912347825419365327948
5379268486213495149857232134896798467512675213483985417645176239
5478392123814695691257831234856785967134476923189825147631476259
3768142519523684824957132183956743967851567142989814237665378942
7652839112495683839147252183946739687514457612389415287658376942
5126937489614723374825191239845698527631467351822385694764173895
3519824626413789798456121238945748967523576213988153697493274165
3496581261529783782134951234896789457621567312489387415625196374
8736954154918236612347891248395798527613367451922985637443172865
2145396736781249895467321289435643967518576128949812547364378125
4783621991284536635197821234895789457621567213942816347534975168
7568324189214536341967821234895798457613567213982186947543572869
2691534748592713137846923182945692467581576381298934627565271834
7591283468394512124367892184965793587126467253988916347537658241
1567342832981546784926132183795493546871467152898925436754169732
5317846284912635762935811243985798356714657241982186794339541276
7691528445389612812347951249836798567423376215482985317654176839
8793256151489623263147891284395739567814647251989827634543158276
9482617323789514516347891294835638457692675129388916524745273861
1398764568512493472935812134896789625714547361289285137636174259
9735826112693485854167922183954739547618467821395812437663975824
3714298649815623256837191239845758967234647315988127436593456172
5689421773981524214367891234895689517632476253989816347534752861
8594632143218795617925831238946798457612576231482953487636871954
9148762336519284872345191234875648956137657923482986147554173962
6921478554892316713856921243895783567241967415232817346935926874
7658124323945681418937251235986789476132576243199813745634762598
1278394554912683386457192183946793467528675281948915637245271836
1973852428419635356247814125396753867192679824138254637994371856
1865734243281956957246812139846789465713675132983284917556972834
9526413884123795376895121243896758917624637452812135647949871356
8257196369382415714356891329854794816732567243982894715635169274
3268419515429736987356122184796349362578675183245317648986951247
4531928667983412182567932149835739867524567241388214567993671845
8495236762189734537146891523849698467125376259412189657346371852
7416392583624591925187431843526739287614567914822784935645976138
3425718651948632867932151732945848516793296358479516237463874921
7513982626814593493267811245893738967145576423188129567493571462
9634271514289536875136296942835752167948387514924189627323675184
2869435159318724714256891283946793567812467512938417253635946178
2184657935419782976823141293845648375691567912388325416769527843
5146387987619234932457811238495648957612657213982983654736178425
4652783191234586837196241236897558941762674523192987514335186497
3921465851628793478935121234986784567129967352842817634563952471
2719365869418523583247191253946734867192967852348194637545271986
6584712992783514431926851423896789365741576142932895137631476852
6279583449123685853147921324896798467513576312482185937634576129
5638917442135789978246131324895689467521657123982895346731576842
4753216862984513813967241324895798475631567132892985147634627895
3289146595782613164357892134895748967521576132948912437663579842
9847263165218394713945821258946783926715467351282964785334851976
5632971882913456174856922187493539658147457362819816237463547829
6492513783149725527863411523869498357416476912832156497836472859
9574821313895624462137892138956789467135576243983815247664971852
7148635926519483839257141286394739748526456712385813769264392175
3629157889723415541867921234895698457623675123842193486745679231
8571396469482513132467892139845798527631476351923215487656971248
9143657278519234263847191284395639657821457216838319546757962148
6285149394123785735896121523486789367124467925382841597637946251
5278463969431582318927451492386783567194276459189815627346279351
2684379197318524451926831243586738567912697214358195427653679148
1638259445719382289467133129865759827436674351288216497594573861
7619235853218496894567121238954798547623476231892173486534865971
7916854234619285285347191234586745897623967213588195347653276194
5487269361389425297135841293587683496712756241389854126736257941
4758163292834516361927841324985789657123547263982896547161378945
2386945116582793794135823192486782657134457963189814527654378629
8413967253781249962457811239845648976513675123942185396739467825
3751648994283715861925731234895648657321597216342143986763975248
7649253895318426821367941324985748957612576213892156497334875261
1236749865819234794835122193865783594726467251899814637537652841
6497385223719584518246931234896789456721756312489816237536587419
1234795876513892984265132175438635689247498716355493276163298174
7825491636481295951367821239845789527634476135282174986354962371
3197465858419236267835191283597493546782476281938915246765297341
5618324942719583938467121423865789357126675924382846197531975864
8491357231246789567892131239845698475621675213942963784543852167
7913586256812493432967811234895784527619976513242897354635469178
1629785459713482438256192163894798456723375412968236417564179538
2841563767529381193847253124895645867192967325148219647353671849
7328516484923615516947321234895798467523657123982983147636579841
3981265745189723726345811324896584567192967253142895347651376849
9741628558693412231857941234896789527631467315283195487664872359
7681395495284613341257891234856789467125576923482893147643576291
5792481312693584843167922183965739457126657824319614827548275369
3792846515493682628157932134985748567129967325148915437653671248
8615243732781945954367811329856448917623576243192137985669845172
2987451646381925715236891293845783456791576192349814736234265178
3918672542719583685234191324896784957631576312949146587226374158
7943251612689435583167922184395793527684467581298416527335974861
5792341836819524421867931324865789457136657923819836427521675849
5473198286924513312867941234865798457126675923482916387545679231
2714985684315692569237811243897598576134637524183189426749687523
6427859193512486781936241238697589435712567241382164935735867249
3678924198513426142567392139856749827615576341988214597363471852
2914638735819724674825199125843648397651567231481256497383671295
3824756949718623165923842138945754826791976351488215397663974215
3986712454129836762345814138295785916742627453199845167327593468
8217435949315682567892131342896798256734675314982189754634962175
1387426527915683465893123129845758426791697315248214397694657138
5124397647812693963857121243856989567124637942852815934734976851
7361254894583612182947352134986789756123564273893216597445871296
4126975336812574975843121239684789725436654371892314896558973621
1259864386713492943257812183956739467815576412384815297663274159
1875349635619284492867132139854754827631679341258216537996471852
7134689258419236926357811325894784967125657234182987456337192654
1367482924819536975236813198245748256713567913488914726565438972
3514826724619753798356121235489648967125567923486127398493486571
6128957497312485485367191249835689657123357246982384196756173842
5436197821834795679825131249583689617324357264819824365743579162
2134869797812534654937811293485638567129467259188925647354179362
2854371697418623361925841238697549857132657243988193546753671249
6427538998712435351896241243896789356712576241982184357643967851
7938254146219385581467921243896783957614657214389186527324673859
6312748554218936798356121236987485941723467523989847356127586149
4528136963924781871956231243895798367514567124982154387639876245
1895763464712389325894162183497593465728576281938914625745273861
7386195425983416614257891239854789547623467123989813627537254861
9876132432154896546927181382546729487653675139828534617946279531
7436582952193486896127341342895798257613657341982184637536971542
3271496558423619196587237134985245862197962375848719543663571248
4376895292813546165247892193586738497615576412938915237464279138
8964713532189546754236811329845798516723467352192196437854871962
3261985489425713715346891384296724967538567813929817624545293176
1963452727481935538267193194825682517694467953819816247365273148
7268934513824596594167822193845784357619657912389826317437542861
6852149771389524249367811284395693457618567182398926437537695142
5438219791634782872956131245683938971456657293482981756443168275
1376542986419235925387143182496724957683576813924819257665273148
9438257175619382182467932143895689527614367514284296583753874169
2495731878319624651824931249856789536741367241859187325643265879
5921637461728493483957121243985683957621756412899486253726573148
1572634849281576863947122145893738972651576134299314786562539184
7421368916528934983457122145986789637125357624984287135657196243
8649537275918234123467892183945639587621476215989875416353162847
3429176597825631561834921234895789467513657123482193487643576289
6758239129314586841967231243895798657412357216484196387553879264
3258967194123785867145921324895648657123579362142986134761475839
7938142625493671186257933124895746817532975362848216934554972168
2439571858123694967814231243856789567132376492854185297663974851
1635427878419325529867132183594693547681476281398916245734791562
4326785161592384879145231238946798456712567231982483597639178645
1627458953418926879236142134985798536741647512933968217545897362
1736482965419283289375148259346739786152416257389314867554271396
4938671565719283182345962149835736857124975426388216347953671942
1735948658612394294867534183592792547618367281498316427564971532
8365479119582346724196832183596734967825567214389814357245376219
9186254764513789237894151293685438457126576942388912567345371962
4963285727819534135467297138496284275691659231789815734632768415
8193654247381295265947811284936739475618657128399825347653167924
4381759691728634526934811493285728356719675419288926437535479162
1742386536819524952467812135894748567193697324188219537654971632
2681354741329785579846121243895638567194697452388317246994256371
5381647294128735627935811523984689457613376412982896415741572369
3569248791438765287156941382495679286531465713288415927352367149
8426193731625789597834121239854698417625675342982385617445179863
1593284734816792276945814128935658327619967451238916347562578934
8529673191623485437815921234896759817624674352182895437636572149
5128693497412385638457191239846789527641467315922895317634679258
1342698576581392829457132183946739617524457682319825417657193648
3954682714293765876125932138967448957136567243187283594165471289
5237189496123485487956121328956789436721675142382194735634658179
1524693736781294894357122139846548957621576123899286457363579148
2953716437824619146895234196835782315796567924819814327573256948
7835629129518436164937823128954745827619976341258216537453741968
3912586476519482248367191235894748967135576423988129357695471623
7192483654813692623957811324895789567124467325189815647325471369
4798652332819456156237892134896758437612967512348916437564275891
9361752442789315518246931493826728356741675914828927315635462879
1378649284519236629357812184395739457618576281499826437545172863
4639178259182436287356491346895785947261672135943267481574859123
4527183989123645376945811238946798456712567123982384517661937254
7134596254812693926837141329845789476521657213892853417636957248
4537962869128345782145931243586783946712567912849185347624567139
5918632442319785786245191324896784957631657312989156247327493856
9281743614523689736895122193874538456297567941288916537445271863
1796825336419582285347194128396759827634637451988219647595672341
1352947649816723672835192134895784957631567312849816234535674892
1938264568714592542937812143685783957126756294139286137437145968
3678251992513468418967231392485728457691576319427926538464178235
1478395638621594592467817193584282314679465792382389716595462317
3245197857682419198367452194835683579621467152937816453264293187
4326875179123584865194231234596798437612576812392195487634876195
5917432662381945847256191329845798456731756132842186957336547892
9256134716428793783945122183945639657184457826318317526954216978
6893427521458793357196821289345693567814476215388914236754376129
9237481587125693465193821324896758936724647512382189745639462571
5128634998412735763495811253896769725413348716922315487647693258
4751293889234615613857921249836798627541357461892385147656973824
3146978276812593259834161239485748527631976351248914627554278369
2518346768719234934567811239854689547612476213953126587956874923
7846195269528314132457892138946784957623567132989213457635672841
6385712445128936972346811234589789462715567193422857346934691578
2169378553481296798456121293845784367521657129349827416337156849
8429531765182793379146821243895698367524567214382154687949873165
2593487668319724714256891284395793567148467825138915643234671295
8794623542518396361957821328945798457613657231482186457954372961
8716543223481956569237811239854798547613647123983165927449876125
6129358457812493439867121234865789457126756293489873126526574931
4126537886319724795824131249853698637145357246892385196754176892
3241976589523614167845922187593643968127576324819814725364351879
2193584643816792576924811234895789527613647513289816357435274169
5248176376129385398465711329845768957124457326192167493897563842
5746239868194523329817451324685789573162467259819185743624318679
2375814646592381981467231238945789467512576132943187496564235879
3214659894518736768932411328945748957612576213892136487585732964
7139658442981356586247191324896789457623657132989483217526579431
3426871981693524795124831283596745927631673418529817634553784296
2356487974912385168957423218945689457613576231989124653745378261
9135864767419283258347191298345638567192467925388412697559271364
6781249539285614415937821234896784967523567213489315487625476139
1837492625981634476253199123845753496782867125936954317834857261
5163982798214735347256811236897489457162675423192389145646173598
7268359139812456154967822193864783547129467259139816437554371268
1532968796718423482357192145389639867145576942388217635463541972
6891274537489512251346891234896749567123867253919185347654671238
1367925458913426247856197183496292356748654281738714239536297581
3978152416829435542367812134896748957612675123988349517692674853
2945816778123694356947811238945646817523975362188194237553761942
9716354236218495548927131238695789457126657243812893167441675839
6872395434218596519467821235984789467123756324189387126526594371
8165749375219384934826151239856748926731567341282914587637561942
1286439557418923693257843154926748937612267815499415387685276431
5461738217248935938256142135986789461723657324983819457646973251
2138497554712689698357121294835683476591756912349812346736257148
5168472338419256279356811284396793567814467215988917234565398472
7461583289123456253967811243896798547613367512944186257953974128
5168497239215784784236191237845684961523657392489385216727146395
5734189228693514914267831283465739587246467159388326917565978421
1765823485319426429367812189354739487615567241989816537264271953
8596143764238719173925842148695398517326367452984912367552679841
1985476325713689364892154129835758967124673254988314297694671532
2716498358612394439857121239856789427635657314289154387634276159
5817426996481325372956811234895789516734647235182183947643657892
8793265165318492142957832148936798567124367245184985327653176849
3841265715983724726945812183946593567142467258938924137654176938
5319827468413792729456811423985689567123367245189185634725371469
6391578481529436274836191287495339658127457362989814756254362871
4758396186124593392167841234865798457126657923182183947553671249
6854179324138956937256811235984789467215576134283197256445896372
9417562886712394253894161249853738926745576341894185726363541972
1758394649612583382467192139845754827691967351288216437565971234
9245136783692714571648921438657928937156657294837184392546578231
1325486959827634647139824236851781549723769312452819537635476198
9375861456419283821347951428396738967521675214382164587949872356
4387612912639584579824132139865789415736657243989814726534561872
8529167341382795679345811284593693467812567132482815946739576124
7685912345928316231467891238495789467531576132949827146534592678
3814726967219583594836121253894783964725467251989185637424371856
7162438958391642429857638376251496478135152439783915742627536891
4591782621394685678235198213945739586741764512939826537454678132
6241783587923514531946821423896798356721756412982156947339875146
8547916293128645672345811234589748916723567923182156397434687259
5764983129813546314267891293845783597612467512989826437564175923
2614859348319725597236811246583735897146976324188195627464271359
3876459154182963962137451239845789537612476251382195687463471289
6284153973589214914367821429865789357126567234982816437535672941
2618795453812496947356811234856789426713675913283895417241679235
4621897319325784857346122145983638967125576423989287645163591247
8934627161235789754819231289345693527614467185922815436737962845
6413257897381425528967131342895689257634756143892894316736579241
5782361994381526216947831293845738567194467592388514697269275341
3542986197813624126457892193845748367512567912388915437664572193
2356419846829713791835241239865784957236576314899124687535472961
4579362129318456816257931283954734967182675842199814637553271864
4386795227918534156234893124986758436791967512488917532662384175
9821453741723689365897121234895689657124574362982386147565972341
6893574212589436734126892184395794367518567281938915627435274861
3682954794781325152467892139845648975613576132988943716263152874
2641589331792485895367121284936743957628576812349812457664273159
9835127626134789574896121259834739867425647125938162395443975861
2937418551728693486935121283946793456728675812348416537935217946
7893152416489235325467812189346793657812457126988917435654268973
7915362852819436463827191342895785967142276345819824637531795864
8574163913428956269357813189246749267518576831249815427362379845
2967413578392514451836921243685736859721975214868194726354268379
1985236424781695536947823192845782467513675139289834517645176239
5861732974128935293456811246985783951746657324189187326436594172
2861754339728451514936281283496794356712675812948396217545279836
1695873453812496247936813128697548527169976345128914532762471853
9678421381239546543167891249835738957621675214982964387543875162
3756498292813546641827931329845789657124457263182893167556479831
5837461994718235126935842183946739456728675821938512794643265871
1748652962913485358927142134896748527693967351488925137654679231
4193658252819734637824191429865789357126756243989614387527561943
2857319647689213391456821239845754816729967325488195736463421875
9385142745628719172936842138697589417536567342983894516262579341
4621385773829514159467822135846989437621576912389816437532785946
5271396898124635346857191324859789467123675923842185947646371852
4928576153819624761234851234695764957813857312969146237828574139
1857469227619384934825163182594749236758567481238516327962957431
9812673446381572275394811246395739857126657482195197436873692845
2748659313692485589137243182964792547136467358198516497269278351
1243856759612743738946122194385684567129367259819815637447381295
2195347646812735537869126849135717568249392745819234716874625893
2415639739781245586947121234895645872631679135848123746996425873
6471832535924681281957341234986749867512576312988145397696572143
3625497887412395159867322134985648527613697315249286314753178469
4891375676128593352946811234986789567124647352189187234523651479
5917834234812695267945811238946748526713976351288145397663247859
1269475885712394493856122183946734967581675281399845327656271843
4197258672813694635894121429835789356721567241389843726525641973
3457192616928354278456199218346748756293653197828329417559467831
8597612327489315361245891239846748517692697352489184375653261874
6829473591325847457136891253946889467152376825142385197654176293
4798315651329684286457191283496793467528657182938917234534256871
4723958613528694689147232137584989641257547963189286317535187462
4126379583719524965824131239587658947631674213892985416734176258
5836172971928435624935811328496789517642467352189485237627649153
6418729587519324932456811239846748956713567231482163457939472856
2841657973189425956327811234895659827634467513988156324734975162
1962435873418592258697343179682584257169569432179813547642571683
8713942665481293392567811239854798547612467123582167493554863179
4123859776519283893467121245386998627145357946282386547154172936
4315729626819345957846121239845789465723576231893894657161572834
9128564367319482845237611843795632968517567412392985637443172895
4593678218692435372158692134895759867143647235188647932193154276
6158932483412795279456811283496739627518457681399825347656371842
3678219491534682284957131284956749367825576132488315647965278931
3541892672945681186237942189435796357148475628138913657253271469
3169524848213795759846121234896789467523567213899385617427139456
7932516861489325852467191259843793817642467325812865397434971256
7613489538519246249567811234895749627513857613299187263457293468
6253178971348962489265171329485689457623567123489486317525679431
3986142541528793276935811273485683456917569172349814567265279348
5134796248213695796825131243875983956147657942819482137626175834
2657489171923584384196251283596793687412457612388914675354298376
8153469749612783327895141386597225947836674213589817624556398421
8316925497614582254837191239846748957623567213983184597664572831
3759814664823519291467831238945748957621567123988163427593275864
6285937451782493394167821392854684297615756341289816325727345961
6432179559783412812956341243896793867521756142892854937637956148
4719586332814695965237811324895789467512657312482895637451379426
1342685767913582528947132134896589537624467512989817234634265179
8397462151689234247135891283596739426715675481929815734645261873
1245693757618392398247152193584683547621467912839816257464379158
5982163427138495463957811248936738617529957462188325417661572943
2617953889513426437826191239485798625741574361823184796564958273
7896315445389216216457891289436793457628567128938923147537526941
6314987274213589598267131235894685967421467312959857236421485637
4139852757612389829467131328945698457631657231942916487534875962
8619453257381294942367811254896738472615697153282195347643867159
9156248774381925862357191249856338917642576243982974315643856271
4671395829348516518267931293486783457621675912849817234534265179
3869142741235789795826131234895684976531567132949342786525164378
3569421849185732278136941294856783467125567293419835147661572983
7641532893128456258967131234986789537641476512893896257451784932
3156284979613485482957131538926782437691967541285312697464871352
3215987467912453548367191324896789467521756213989837524621784635
4563912813248795987256132735486181967342564129373987625462581479
5147629872318945968345121324987689527631476513892816345735982764
1283549779581623463927812194835683467519576192349827416534156872
3495712667892314215846931234895748615739957362818926147553479862
5961734823749865148256733196825762451789875934219823651445172936
1529734673418692986245132134985789536721467512893286517454173968
4952687123719485186357923184295695287634674513288239416756173249
3186759227519483964823151293864748395726657241388915627454273961
5193762837812495462895131234896789456731657213849817425624563879
1352748992418635687935122183974634956827576412988916537445372961
5397168462138495847925131528497698326741476153282156983739457162
1859246762381794479356812184935693467512567182398925417334176825
5917283634719682286345191234895745826791679513248126347596587143
7694135238295614514827931283946793567128476285318915427624376985
3719682489512436426357811324895798457612567213982196457365873149
8964235747189523523167891329846598457612657231942183497636975841
6281457331789245495367811392845684257619576913289834216726175934
3264178945892316917856231392845728467591675139488935627456174832
8461237937589412291567831239854648927635567341989184526763271854
8261379541729583593846121324896795867234674351282815647934971856
7891346534658219521697841329465789437526657821939184637226375841
1243569895618723387924152184936749367581675812348325497656973142
6375948141823695295817341293587684367129576942189824635736178542
7296384556819423314257691324895789537612476512989517438624386571
1578429382913645436957812183946739467512675281399825637454371826
8537462996182345247195831249587638926714576314984185326769547132
3761485225193684498257131234896758967231647315988125947693476125
1523864773419285689457122135489689567123467923589287346134186579
3465872189712345521946831328946798467512675231982134597645876239
4795682153219486816237941234895798467513657312482987436534195672
3964125771589324842567191239846598467531567231982381497645172683
8459672126381495971235841243896738975612657142384185937659267843
4159238682714693963857121324895758967234674315282985647134179865
6783412931928546254967811234985748517693967523188926347554671932
8325964757918423614237891234587698567214467913582483619535174962
8912536472514689436897121423895798367521567412932185347635976148
8314257675981623246937811235689498417235567394183126495749875162
4961375881592436237856191283954735467892679241839814627554278361
2378516948923615516947821283945794367528675182348914237635276941
3478916295236741681245971256893489417325763452182185367943972856
4915263723518794768493121238697584927561576341899827345631765248
3148672579812534256934811293864783547196467259189715426358261379
3478612929834516561927831234895748975631675132948126947593457862
3941857217529683862347192134589648967125657923489215346754876931
9246138715892734376845192193845648357692567192488927316564125873
3758916216235498489267315234187981657924947623152987354663418257
3416927876218593589347121234598689427635657813249185246723576149
4163785972915486538296171529874386743291943561282816437539471562
7654139298425613321897451329846789617524457362812185397657964138
4178659398512346362947811234895789657124574236182386947564175239
5138462948629713927135641324587689467135675923812517649836958247
1589462342381795697235812193846783567149746592189824537636172854
2164587989413725735926811283945634976518567812349812436745267193
3859217627483619619457821283945793617524457268938916423554278361
2961743583792514541836921234896798456721675213893187425645269873
3476182516529384829457132189346749687531573126989815427663478952
3295481648126793765193821324895789467521576312489138567424793165
4159376889312645627845191324789694865237576319822815937435976421
5271948396823514341867921324865789457126675923482836197541675839
5823916717682493943567812149835689571624367245184281397565147239
6514397282415793397826141329845698576231476315892185436754967128
9871423613689524452367812134895789457612675213983286547954972163
9852361476189423234157891234856789637145457962383185297657264891
3215678468519423947823151329856789427631576341982184597646973852
5261783994153682378294161324856789436751657912432896437541375928
4715382632914685856927131328945798467531567213942134697869875142
3145268952718934689347121328956794867251756413984937582626193475
5691273424389516187346923124895749567183876253419287146565193278
7245863116934285385197242164395793876512547218968916247345287369
7265831489312456145967822183954735947628467812939846317553274961
3598426741236789687195231234895689457612576213949386547126173845
7824631594581236136957822135894789472651567134983286917445927863
7182634994281536536947811234895789457612657132982816547336579824
9235471656418923718236941324985789567132476325812819647534975268
2395467861528793487193251283594694367812576412898917356436482157
1826395735914782674825192139846549857623567213948314927694576831
7851629469483512132947852134896784957623567213489283517637162459
1653794842981536378246192134879558469127697523818317526495216473
8745391695128634623147891324985748967521567312982187546334596172
2175643834981256865937121283954749317685576248919816237463475129
2451379891824635637895121293846738657124574962818914537646271953
1583497227381694694257813124856948967135567923188217345693516247
5674193214823596923867142193845738475621675192838916437543257869
1872469562913584534897122183596794367821756412388915647336572149
7936148254892316612857931243895783517624967245382894617535679841
4837926115283694679145822149835739526718867451239285743654631879
6917823435819426427356811324695784927513576813929836274526594178
4325789118923645765194822134896789635714547612389287435637186529
4761985328134596935627811234896789457612567213487189342564275139
